# kobuki stereo camera calibration parameters
# Right SERIAL 16306423
# Left SERIAL 16369047
# yaml file auto-generated by : kobuki_python_20180323_003.ini
# yaml file auto-generated on : 23-Mar-2018
#### TAB CANNOT BE USED #####

FocalLength: 1082.4635875769984
Baseline: 0.1524
RightOffset: -164.96745074673456
camXOffset: -0.0014
camYOffset: 0.000000
camZOffset: 0.2386
Cx: 644.5
Cy: 482.5
image_width: 1288
image_height: 964
